81801111801111114 111: RATIONIBVS

ἱ

Ι.

pag. Trinummi pag.

415 ’65 405. 493

485 66 513

486 69 485. 492

888. 3838. 485 12 810. 8115q.
431 14 ¹ 001

492 35 468

515 10 500

404580 38 381

492 80 363

484 82 506

830. 485. 498 83 350
509 85 323. 386

324. 484 80 511. 513

484 88 394

503 91 496

350 93 323

900. 5010. 04 ’ 300. 401
346 95 352. 496

439 96 361. 403

451 100 446

4415 103 408

309 109 309 sq,

485 112 360

48515. 114 050. 454

360. 488 116 356. 438

309 111 845. 509

323 119 345399

319 181 500

488. 512 123 438

336. 485 123 8588. 362. 334

485. 503. 519. 515 199 814
840. 458. 484. 515 180 881. 399. 832. 448
430 131 484. 511. 513

' 3053605011 132 309
405 184 Α 400. 450. 481

835. 335. 399 136 358
491 137 488

485 149 491

332. 338. 880. 383 141 309. 360
355331 144 5118

488 146 455

 

