636

Trinummi
600
601
604
666
606
608
609
611
613
616
616
617
619
620
621
622 .
623
624
626
627
628
629
630
633
636
636
638
640
642
643
644
’ 646
646
648
640
661

PROLEGOMENA Du RATIONIBVS

pag: Trinummi

366. 667 a. 663
398 664

414 sq. 660 666
3686. 466 668
439 sq. 671
369 679

368 674

333. 336 676

346. 434. 488 676 ·

476 678

488.491 679

343 680

470 681

498 689

386 683

474 684

461 686

469.461 687

369 688

379 696

369 693

469 696

363.669 696

489 sq. 697
3ffl43ffl5wfiw
439.498 766

336 709

„ 393 764
3686.386.619 706
336 706

336 767

419 768

310.666 769

464 461 711

369 719
396.3699.666 714

662 329. 3773. 400. 43986. 488. 602 716

666
666
667
668
669
660
661
662

323. 382. 410 716

499 sq. 717

345 718
333. 405 720
³23. 529 741

327 722
386. 3951. 469. 478. 666 724
410 725

pag
344

373

410. 466

319. 363. 619

476

488

484

399

490

387

476. 669

369

397

346. 470

496

461

9683 406

366. 3773. 488. 496
· 460

666

331. 476

488. 698

416. 609

344. 364

363. 468

330. 3779. 477. 488
473

, 396

398. 387

369

346

316. 3686. 468
37746

498

373

361. 469, 4676. 490
310. 448. 469. 669
416. 476

397. 376. 460. 498
386

477

363

336

389 3833.

3783

 

