Trinummi
439
440
443
447
450
451
454 .
455
456
457
458
462
463
465
466
468
470
471
472
’ 474
475
478
480
482
483
484
487
402
405
502
503
504
507
508
500
510
511
512
513
515
516
518
510
522
524

EMENDATIONIS PLAVTINAE.

pag. Trinummi

360 525
357.412.464.513 526
810.300 527
360.483 520

305 534

360.456 532
360,361 533
3833. 535

’385. 5073. 536
323.358.437 537
456.513 538
353.507 530
3636
666656
324 546

410 540

509 550
4043.503 550
303,488.5ῐ3 556
300 557

488“558

387 559

412 560

380 563

404 504

353 565

310 560

310.335 364 567
300.327.363 568
313.324 574
385.420.465.4886. 575
330.353 576
376,383 578

353 582

323 583

300 584

60 485
310.336.506 586
506 588
6646466656
513 593

433 534

377 535
32136.330 506
355.4553. 538

56

088·
352.350

36
66366
666666
56

36
6667
3636
67’
666663
36

¹ ,63
636364
666663
36

·5076

440 sq.
6666
36
6667
36
666663
3776
66646663
46
6663
6663
46

46

36
6663
6363’
46
66666666
46
66666663
6663
6666
46

56

46
646666

360,386 ’

360,362
447. 464

 

