EMENDATIONIS PLAV'I'INAE.

pag. Trinummi

mwmm
astmm
ammm
ww
stum

wmm.

007 240
327. 338. 010 241
4000. 242

310 244 sq.

mm
mmmm
‚wwwm
mmm
’ mm
mmmm

440. 407. 408 204 sqq.

488 260

810 201 sq.

310 203

000 264

0088. 265

300. 300. 362. 380387 200
440 238

mwmwfflq

465 272
0078, 273
438487 276
458 278
302420 279
310 -231

313. 360 284,

327. 364. 447 286

mm
438. 488 289

346 232

607 233 sqq.

313. 324. 007 234
323 238

377. 404 300
300487 302
018 sqq. 304

416 306
360 300

400 307

333
, pag.

327

“ 303, 413
302, 382. 384. 013
380

327. 380. 438
327

300

344. 010
310. 330. 023
020

323

4308.

304

303.

4308.

322

013 sq.
³9⁰⁸(l-

332. 02300.
1 327
327. 300. 302. 010
310

300. 020
330
330022
303. 440
427

300. 332. 338
300. 303332
303

413

024·

300

383

, 401. 004
331

323. 413. 020 sq.
330

021

330

000

474

000

423. 403. 001 sq.
400433

 

