Trinummi
726
728 ’
730
733
734
735
737
738
741
742
743
744
747
750
. 752
755
756
758
759

· 761

765
769
771
773
774
775
779
781
783
784
787
788
789
790
792
794
796
798
800
801
803
804
806
809
810

EMENDATIONIS PLAVTINAE.

pag. Trinummi

338.385.444 811
410 812
357.363.513 813
447,509 814

453 509 818

497 819

497 820

439 821

507 822

326 823

326 824

509 826

324 827

327 829

367.497 830
3728. 833

330 835

309 836
359.497.511 837
412.458 838

324 839

513 841

309 843
309.513 844
497 845

408 846

ὐ12 847

330 848

374 850

507 851

310 859

397 854

355 855

488 857
386.510.513 859
387 869

309 864

310 885

344 446 868
360 869
352 870

516 873 ’

999 sq. 813. 516 974
488. 197 975
937 775

537

ἢ 8⁸8·
3839.

5078
310.330
359.490

330.4559.
330

338

386.410
310.330.365
330

374.435

364

399.463

345

360

373

397

310
306.356.463
405

405

394.399
393.405.471
336

499

479
353.358.467
344.406.471
474

306.886
393.469.493
359.498
471.498

490

484.498

451

310

399

309.352.388.400.466

360
374
459
330.4478.486

. 386 387.486 ’

414

 

