EMENDATIONIS PLAVTINA'E.

pag. Trinummi

330 1101

438 1104
338.473 1106
330.460 1108
350.470.493 1113
337.432sq. 1113
309.330 1118
380 1100
386.387 1108
330.333 1104
4ῖο 1103
300.360 1100
355 1108

310,366.3683.461 1109

334.364.600 1130
331 1131
304 331.408 1132

333.346.385.408 1133

337.303 1134
300,386.387 1138
331 1139

366 1141

310. 360 1145

323.410.427.4304q.432 1153

372 1156
360 1166
333.485 1157
432 1160
469 1161
387 1163
324 1165
362 1166

339.437.432.314.023sq. 1167

500 1169

475 1170

331 1173

330.362 1177

479 1179
340.399.408 1183
, 331 433 1183
606 1188

539

3⁸8·
377

433
40030.
330
333

331
332. 333

, 333

330
4wfflmm
477

333

430
403 ,

333

333

303

33333. 304

330 sq. 433

430

344

310

301

340

330. 410

303. 303. 403
330

473

303. 333

340

301

333
410

473

310. 430
330. 300

333. 333

340. 433. 433
343

310. 330. 433
333

 

